26128
4013
32904
10027
21417
20628
15789
18683
7045
19319
8987
23624
6324
11994
12579
22690
27470
7329
6501
24756
16012
5967
27388
31826
6488
18450
25567
5151
30054
16938
9933
22666
27146
31011
30802
34155
8851
12619
9899
27067
17534
33002
33523
4217
28573
13912
637
2018
18705
9060
21774
4291
6887
10156
1662
24027
5876
4210
20925
14548
23807
22076
30354
14209
3577
11528
499
15028
7377
11923
14618
22868
2959
10040
30108
31494
5016
16200
10536
23282
32431
34325
32050
18896
4452
34637
7368
3299
34019
12014
16024
7298
32986
8863
28460
28212
23606
19890
7892
14206
25804
4428
10988
18901
19064
20918
9963
10522
6259
29510
31390
12632
15655
28562
1148
23761
16735
29514
21116
30206
9611
11322
29546
28460
30364
14459
16544
19438
18105
26046
3415
8261
19185
31419
10347
6683
15394
1347
30205
31352
11732
1797
6288
8032
29340
27290
10084
3596
2271
15168
20920
21298
25702
14561
19818
19164
23451
14822
17816
5698
24447
26827
32932
28292
29344
23749
20306
30958
16049
15091
18014
18052
15534
29871
19959
27893
7612
149
34436
34411
24028
7633
12631
13313
32955
577
28287
34277
28119
9643
17092
2310
13058
26777
16049
9338
6004
1328
18203
18238
15812
26180
32031
6145
7968
26669
16463
28420
12668
13522
8533
23219
8805
1604
8609
26099
1120
3481
1626
32148
24622
27332
15989
8563
16774
30344
22357
28776
13973
26806
13785
23865
13115
31380
27195
959
20234
26571
5614
20374
33853
29560
4783
25735
9975
29723
34892
11239
1828
27344
10742
11059
8973
17387
30554
6683
3079
16079
9339
14903
32838
1374
20767
34095
15701
7320
18126
33308
11287
5621
8585
12777
8147
34561
20425
6599
19450
3482
23603
28027
7481
1277
20382
9038
18370
34747
17025
15785
5781
17912
6909
13517
34513
2050
29452
18490
24651
18912
32340
19737
30830
14478
12534
30106
16848
17746
31672
1005
833
9278
31359
10126
9167
7867
31597
3406
14452
34340
33294
23254
7064
28941
3552
19112
34723
4051
21635
33818
25662
18681
26897
9368
15531
22859
22927
7381
17565
7874
9713
31045
13606
11347
28872
15064
27645
12580
25622
18978
501
28090
7314
9310
32135
11890
18457
27609
11424
9380
16497
6217
7660
2166
25316
10623
21681
12964
28878
22588
9051
21031
4728
22016
31521
7915
28544
22655
19864
56
2023
9871
20414
28758
21969
19398
26724
28756
10583
23726
31626
33004
9683
11524
33017
32084
4306
3278
14042
26098
26091
2900
25245
10584
6776
10039
8184
10158
20088
12885
4780
9829
9877
4214
18480
30034
13192
9356
1120
23053
14887
14203
10310
5669
7365
30962
22856
19794
15413
6584
5831
27960
21492
32441
33119
10548
33959
11086
27636
74
26847
102
28397
5638
6664
3773
11218
24364
8588
34918
14656
21459
18295
28251
16405
17345
27687
34464
14742
15362
8525
7149
13882
7835
25844
8850
32637
11054
4725
20431
14529
6804
19851
16849
34739
30570
24579
7966
26747
30203
16204
22892
10855
9998
26848
28554
14171
33057
1280
30776
32122
29446
34981
17343
15923
19953
30167
9824
11957
23421
32126
33852
25837
2400
28162
33248
31361
9476
26312
2832
3608
14207
22524
8451
21177
1932
4103
11076
17616
8248
30331
14885
21425
720
22019
18387
10549
24138
10117
26775
1169
10529
2293
4105
20986
4285
16296
6530
22200
1601
7701
18017
18014
1727
34734
14222
29911
3344
13602
5153
25796
9636
15565
26024
32272
14974
34996
30841
6044
30034
6599
19263
5403
22162
20859
26306
9199
14162
8637
10630
6001
10489
17447
6062
26917
32796
16842
32671
17220
29949
23537
21756
9563
11844
12520
31735
14631
11382
27579
4089
4231
19862
8986
23316
18435
14567
29069
30738
8213
5258
11261
32680
33851
19043
23462
21959
27602
8529
13066
29229
31753
22261
25129
26759
15691
29765
32306
10054
10654
10211
18712
26400
10329
31810
9383
29787
15287
22276
1067
32219
23070
23805
28388
3514
5553
9931
438
2538
8232
10205
1247
30816
15578
5602
21615
7513
5450
21175
7470
20853
15144
31236
33123
16697
23471
16056
26763
14440
19001
4164
1693
23037
20175
19254
11125
10294
29168
6659
5345
18917
2110
2405
15465
4453
11700
4973
32625
8110
18381
21594
24004
19010
17054
28734
24628
8518
33311
17390
28557
18776
34387
24528
19471
9215
14292
10078
32916
13223
29448
5994
9798
20138
701
34480
32125
23037
13008
24513
26406
28915
3031
26389
7528
26047
18147
14007
27036
19714
1891
18104
9200
23943
2947
15078
23982
17595
6136
9276
25008
6904
19354
29576
34229
31246
19203
23225
18695
5736
9082
900
16180
2937
7590
4571
17247
6392
14500
17596
5010
7028
33906
14017
28406
31369
32411
17014
14988
25502
20305
6248
6801
26956
4712
5522
32578
27881
970
15507
2797
6573
27753
29444
12834
22389
22936
28868
12452
7919
24409
27829
22022
29628
3623
32168
3593
31784
21872
17
10798
29721
14473
7371
22162
13592
2425
14221
32135
25771
32242
6742
27908
2730
25947
5989
31739
17611
15390
16362
12724
9719
2758
34151
27423
34030
28408
13611
17317
9945
16582
25276
18114
24003
13094
18642
32112
25683
28817
23060
4401
3306
32109
2306
18486
9333
22101
14395
8567
24491
34405
13199
11236
30631
11384
7512
23177
8108
8286
26287
15993
15522
24335
10493
25260
12522
15246
30140
24280
24210
10834
30093
7313
28130
7714
9851
16320
12273
30216
60
9704
13406
6221
7567
4664
19337
5387
14153
22177
32750
34901
18743
12560
8091
3585
16794
14434
31305
19797
24129
407
19344
14129
30081
19183
20657
2829
14202
2312
2172
4975
18072
371
34561
13827
8273
15673
16462
30513
3789
14336
20518
25307
18905
14535
33481
4449
15168
23506
3546
9091
31600
32941
30832
32635
27853
799
15394
15563
26827
1584
24850
11399
22732
25600
12855
1430
25920
31676
11041
8855
29454
34534
17987
1954
20623
14974
17394
6298
8445
15660
27572
33356
11627
11604
34043
4850
29793
8099
9080
19496
32893
20486
26570
23633
31538
19642
16210
29834
11137
27014
29599
29353
6297
5031
8539
30735
34814
15250
21668
28324
12347
6660
1558
14517
7351
31381
10064
5517
4982
2119
18724
114
34835
15010
24957
3114
19844
18164
23527
3884
6044
684
33526
